NM_199716.1	NC_036451.1	0.950	426	21	0	291	716	5512054	5512479	4.828E-87	291
NM_199716.1	NC_036451.1	0.728	420	114	0	297	716	17569378	17568959	3.338E-65	228
NM_199716.1	NC_036451.1	0.902	216	21	0	714	929	5515444	5515659	8.801E-35	139
NM_199716.1	NC_036451.1	0.739	219	55	0	699	917	17568275	17568063	2.541E-28	121
NM_199716.1	NC_036451.1	0.927	165	12	0	439	281	5512202	5512038	3.376E-26	104
NM_199716.1	NC_036451.1	0.683	237	75	0	656	420	5512419	5512183	6.949E-26	105
NM_199716.1	NC_036451.1	0.865	156	21	0	676	521	5512439	5512284	1.807E-24	99
NM_199716.1	NC_036451.1	0.537	240	111	0	656	417	17569019	17569258	1.290E-21	93
NM_199716.1	NC_036451.1	0.701	201	60	0	430	630	5512193	5512393	5.598E-17	79
NM_199716.1	NC_036451.1	0.813	129	24	0	503	631	5512266	5512394	6.514E-16	74
NM_199716.1	NC_036454.1	0.592	162	66	0	714	875	17173995	17174156	3.573E-12	72
NM_199716.1	NC_036450.1	0.555	162	72	0	714	875	21654487	21654648	7.017E-11	68
NM_199716.1	NC_036444.1	0.390	246	148	0	696	941	16755118	16755360	4.415E-09	63
NM_199716.1	NC_036451.1	0.673	138	45	0	462	325	5512225	5512088	5.414E-09	54
NM_199716.1	NC_036451.1	0.846	78	12	0	790	713	5515520	5515443	1.644E-08	52
NM_199716.1	NC_036451.1	0.528	159	75	0	929	771	5515659	5515501	1.664E-08	55
NM_199716.1	NC_036450.1	0.709	93	27	0	489	581	21651679	21651771	1.117E-07	59
NM_199716.1	NC_036450.1	0.373	201	120	0	579	779	21652253	21652444	3.596E-07	57
NM_199716.1	NC_036454.1	0.509	153	73	0	333	485	17169503	17169652	4.815E-07	57
NM_199716.1	NC_036450.1	0.434	204	110	0	291	485	21649125	21649328	8.627E-07	56
NM_199716.1	NC_036454.1	0.550	120	54	0	462	581	17172714	17172833	1.545E-06	55
NM_199716.1	NC_036454.1	0.434	138	78	0	579	716	17173657	17173794	1.545E-06	55
NM_199716.1	NC_036451.1	0.766	90	21	0	404	315	5512167	5512078	9.628E-05	41
